0.5773717164993286
0.9435814023017883
0.9480293393135071
0.9379943609237671
0.9488836526870728
0.9553090333938599
0.9389678835868835
0.9303805232048035
0.9389728307723999
0.9405349493026733
0.9535099267959595
0.9609411954879761
0.9625335931777954
0.9648498296737671
0.9655739068984985
0.9666163325309753
0.9700931310653687
0.9689776301383972
0.9586853981018066
0.9524543881416321
0.9487197995185852
0.9422920942306519
0.9405155181884766
0.9448607563972473
0.9468690752983093
0.9511098861694336
0.9426344633102417
0.7398055195808411
