1.0401511192321777
0.7199205160140991
0.6706380844116211
0.6549495458602905
0.6937053799629211
0.7000594735145569
0.6973363757133484
0.6816796064376831
0.6241400837898254
0.613578736782074
0.576688826084137
0.5815427899360657
0.5926337242126465
0.540617048740387
0.5544826984405518
0.5435790419578552
0.5017980933189392
0.44730526208877563
0.3874579071998596
0.3453669250011444
0.33726808428764343
0.33149057626724243
0.29064521193504333
0.26347634196281433
0.2537198066711426
0.24245209991931915
0.2594859004020691
0.2611071467399597
0.2894376218318939
0.3351481556892395
0.4573076367378235
1.005336046218872
