1.0149624347686768
0.7203727960586548
0.6548730731010437
0.6391593813896179
0.6853346824645996
0.6953856348991394
0.6991313695907593
0.6771327257156372
0.6272794008255005
0.6168665885925293
0.5820112824440002
0.5768095254898071
0.5893121957778931
0.538367748260498
0.550415575504303
0.5338888168334961
0.5001727342605591
0.45210322737693787
0.3855094611644745
0.35335037112236023
0.32879048585891724
0.32772964239120483
0.2968194782733917
0.2697666585445404
0.25434908270835876
0.24840565025806427
0.2539592683315277
0.2607227861881256
0.2843537926673889
0.3153124749660492
0.44857391715049744
1.0048720836639404
