1.0103636980056763
0.7094711065292358
0.6442567110061646
0.6276336908340454
0.6645809412002563
0.6744982004165649
0.6725063920021057
0.6627983450889587
0.6078468561172485
0.5891085863113403
0.553045392036438
0.5573568940162659
0.566949188709259
0.5045427083969116
0.5244694948196411
0.5087564587593079
0.47802823781967163
0.4405050277709961
0.3801817297935486
0.345880389213562
0.3284645676612854
0.32767540216445923
0.29310479760169983
0.2658016085624695
0.25235357880592346
0.24287398159503937
0.251223087310791
0.2597258985042572
0.2853003144264221
0.32184988260269165
0.43607935309410095
0.9895044565200806
