1.0218257506688435
0.7165881395339966
0.6565892895062765
0.6405808726946512
0.681207001209259
0.6899811029434204
0.6896580457687378
0.6738702257474264
0.6197554469108582
0.6065179705619812
0.570581833521525
0.5719030698140463
0.5829650362332662
0.5278425017992655
0.5431225895881653
0.5287414391835531
0.4933330217997233
0.4466378390789032
0.38438303271929425
0.3481992284456889
0.33150771260261536
0.3289652069409688
0.2935231626033783
0.2663482030232747
0.2534741560618083
0.24457724392414093
0.2548894186814626
0.2605186104774475
0.28636390964190167
0.3241035044193268
0.44732030232747394
0.999904195467631
