1.4140149354934692
0.45493850111961365
0.41974925994873047
0.474631130695343
0.4314000606536865
0.40140849351882935
0.4827805161476135
0.516504168510437
0.49338728189468384
0.48719534277915955
0.438770055770874
0.39254292845726013
0.37971335649490356
0.3668873906135559
0.3712186813354492
0.35870274901390076
0.34059369564056396
0.3570288121700287
0.4106113910675049
0.430197536945343
0.4483889937400818
0.4892270565032959
0.4874688684940338
0.46004778146743774
0.44613558053970337
0.42824235558509827
0.45729511976242065
1.0831291675567627
