1.4154307842254639
0.46199989318847656
0.440182626247406
0.4829166531562805
0.4440995156764984
0.4112628102302551
0.4945095181465149
0.5260652303695679
0.49327951669692993
0.4870993494987488
0.4287697374820709
0.3947843909263611
0.38584643602371216
0.37112313508987427
0.36865508556365967
0.3612566590309143
0.3405774235725403
0.3482160270214081
0.4027354121208191
0.43078771233558655
0.44926318526268005
0.4769689440727234
0.4842185378074646
0.467035710811615
0.4561280310153961
0.4353201985359192
0.47585344314575195
1.0656473636627197
