1.4133954048156738
0.4558984339237213
0.42000898718833923
0.44284647703170776
0.41808781027793884
0.3862897753715515
0.48187804222106934
0.5138982534408569
0.488614946603775
0.48334255814552307
0.42616724967956543
0.38582557439804077
0.37901392579078674
0.36774060130119324
0.3570743203163147
0.34774211049079895
0.3137449324131012
0.3247799873352051
0.3794613182544708
0.39984631538391113
0.40544700622558594
0.43348240852355957
0.43765395879745483
0.4179289937019348
0.394387811422348
0.3769865930080414
0.4295724034309387
1.137270450592041
