1.414280374844869
0.4576122760772705
0.42664695779482525
0.4667980869611104
0.43119579553604126
0.399653693040212
0.48638935883839923
0.5188225507736206
0.49176058173179626
0.4858790834744771
0.4312356809775035
0.39105096459388733
0.38152457276980084
0.36858370900154114
0.3656493624051412
0.355900506178538
0.3316386838754018
0.34334160884221393
0.39760270714759827
0.4202771882216136
0.4343663950761159
0.4665594696998596
0.46978045503298443
0.44833749532699585
0.4322171409924825
0.41351638237635296
0.4542403221130371
1.0953489939371746
